8.102500054567318699e-02
7.486027849650734989e-88
3.950152468015190476e-32
9.603098611609909205e-73
8.096634557916809237e-40
4.757063536010037615e-134
1.648126441837479209e-02
4.249040651583636361e-52
4.773198491062923547e-71
2.433175991340237308e-93
1.682223787484924860e-39
1.662508599696210484e-67
1.073643803231821218e-83
5.424654421497330919e-67
2.954724250160087329e-01
6.087199395802885992e-47
5.478450980795689545e-34
1.786515645011810041e-33
1.854805132965009019e-91
1.204255168636831075e-01
1.568084325087036776e-155
2.565178578589903428e-44
5.728039916143530918e-70
1.004294464260074498e-88
1.276563381802007201e-04
3.359188789889178947e-73
5.194923277266182930e-23
8.577105367029744201e-202
4.240903477115832210e-168
4.864681368180799881e-01
