4.715968195079191932e-02
6.699758654384150742e-52
3.450354222977692490e-42
4.826268633783451500e-01
9.479762971950699528e-21
8.357259242462838134e-63
8.124927772664189609e-25
2.509034097055897530e-42
1.153235727319284380e-11
4.159597293733337531e-01
1.952360390561756406e-02
4.032049772602445437e-38
1.143822401741819738e-27
4.794263846205868171e-54
8.344574318688939063e-63
4.957555250653365202e-45
5.258199541439491191e-03
1.527354955563769261e-67
9.810383146917991438e-04
1.194765463456668019e-27
1.549802049431305700e-02
9.359225385558619669e-46
1.299285222503654760e-02
1.100135208113694196e-48
2.637040621962900383e-33
3.079058833745503400e-24
9.480427284830238752e-26
3.031342237807604322e-33
2.577422356812866971e-53
1.080489846220054646e-08
