7.333103167332181393e-57
2.935867735459038712e-03
7.577399730566779826e-56
6.469981709342419959e-44
5.954796176591449631e-43
3.989502448970596173e-100
2.240283884721931578e-97
1.397114064103970599e-01
2.050862114670731540e-17
4.379576407508060653e-44
2.614067815746489352e-111
4.368169184670445682e-01
1.189293351592492525e-102
1.754609638652786003e-67
9.372033123602158927e-36
1.871573334992802595e-85
1.730649683035610021e-29
2.677799916276103627e-57
1.985134021460215337e-01
4.032540673273184019e-40
3.212521549690277326e-40
2.462504027824041161e-63
8.741640134433566616e-86
2.220224052410778581e-01
2.192259299076576169e-99
3.328264504176448061e-72
2.213564835532762319e-55
1.547199334557646967e-57
9.332044838702672533e-57
4.731452723690893057e-113
